0
7.62e-06
1.524e-05
2.286e-05
3.048e-05
3.81e-05
4.572e-05
5.334e-05
6.096e-05
6.858e-05
7.62e-05
8.382e-05
9.144e-05
9.906e-05
0.00010668
0.0001143
0.00012192
0.00012954
0.00013716
0.00014478
0.0001524
0.00016002
0.00016764
0.00017526
0.00018288
0.0001905
0.00019812
0.00020574
0.00021336
0.00022098
0.0002286
0.00023622
0.00024384
0.00025146
0.00025908
0.0002667
0.00027432
0.00028194
0.00028956
0.00029718
0.0003048
0.00031242
0.00032004
0.00032766
0.00033528
0.0003429
0.00035052
0.00035814
0.00036576
0.00037338
0.000381
0.00038862
0.00039624
0.00040386
0.00041148
0.0004191
0.00042672
0.00043434
0.00044196
0.00044958
0.0004572
0.00046482
0.00047244
0.00048006
0.00048768
0.0004953
0.00050292
0.00051054
0.00051816
0.00052578
0.0005334
0.00054102
0.00054864
0.00055626
0.00056388
0.0005715
0.00057912
0.00058674
0.00059436
0.00060198
0.0006096
0.00061722
0.00062484
0.00063246
0.00064008
0.0006477
0.00065532
0.00066294
0.00067056
0.00067818
0.0006858
0.00069342
0.00070104
0.00070866
0.00071628
0.0007239
0.00073152
0.00073914
0.00074676
0.00075438
0.000762
0.00076962
0.00077724
0.00078486
0.00079248
0.0008001
0.00080772
0.00081534
0.00082296
0.00083058
0.0008382
0.00084582
0.00085344
0.00086106
0.00086868
0.0008763
0.00088392
0.00089154
0.00089916
0.00090678
0.0009144
0.00092202
0.00092964
0.00093726
0.00094488
0.0009525
0.00096012
0.00096774
0.00097536
0.00098298
0.0009906
0.00099822
0.00100584
0.00101346
0.00102108
0.0010287
0.00103632
0.00104394
0.00105156
0.00105918
0.0010668
0.00107442
0.00108204
0.00108966
0.00109728
0.0011049
0.00111252
0.00112014
0.00112776
0.00113538
0.001143
0.00115062
0.00115824
0.00116586
0.00117348
0.0011811
0.00118872
0.00119634
0.00120396
0.00121158
0.0012192
0.00122682
0.00123444
0.00124206
0.00124968
0.0012573
0.00126492
0.00127254
0.00128016
0.00128778
0.0012954
0.00130302
0.00131064
0.00131826
0.00132588
0.0013335
0.00134112
0.00134874
0.00135636
0.00136398
0.0013716
0.00137922
0.00138684
0.00139446
0.00140208
0.0014097
0.00141732
0.00142494
0.00143256
0.00144018
0.0014478
0.00145542
0.00146304
0.00147066
0.00147828
0.0014859
0.00149352
0.00150114
0.00150876
0.00151638
0.001524
0.00153162
0.00153924
0.00154686
0.00155448
0.0015621
0.00156972
0.00157734
0.00158496
0.00159258
0.0016002
0.00160782
0.00161544
0.00162306
0.00163068
0.0016383
0.00164592
0.00165354
0.00166116
0.00166878
0.0016764
0.00168402
0.00169164
0.00169926
0.00170688
0.0017145
0.00172212
0.00172974
0.00173736
0.00174498
0.0017526
0.00176022
0.00176784
0.00177546
0.00178308
0.0017907
0.00179832
0.00180594
0.00181356
0.00182118
0.0018288
0.00183642
0.00184404
0.00185166
0.00185928
0.0018669
0.00187452
0.00188214
0.00188976
0.00189738
0.001905
0.00191262
0.00192024
0.00192786
0.00193548
0.0019431
0.00195072
0.00195834
0.00196596
0.00197358
0.0019812
0.00198882
0.00199644
0.00200406
0.00201168
0.0020193
0.00202692
0.00203454
0.00204216
0.00204978
0.0020574
0.00206502
0.00207264
0.00208026
0.00208788
0.0020955
0.00210312
0.00211074
0.00211836
0.00212598
0.0021336
0.00214122
0.00214884
0.00215646
0.00216408
0.0021717
0.00217932
0.00218694
0.00219456
0.00220218
0.0022098
0.00221742
0.00222504
0.00223266
0.00224028
0.0022479
0.00225552
0.00226314
0.00227076
0.00227838
0.002286
0.00229362
0.00230124
0.00230886
0.00231648
0.0023241
0.00233172
0.00233934
0.00234696
0.00235458
0.0023622
0.00236982
0.00237744
0.00238506
0.00239268
0.0024003
0.00240792
0.00241554
0.00242316
0.00243078
0.0024384
0.00244602
0.00245364
0.00246126
0.00246888
0.0024765
0.00248412
0.00249174
0.00249936
