1
1.6096
1.7808
1.1712
0.5616
0.0479999999999996
0.657600000000001
1.2672
1.8768
1.5136
0.904
0.2944
0.3152
0.9248
1.5344
1.856
1.2464
0.636799999999999
0.0272000000000006
0.5824
1.192
1.8016
1.5888
0.9792
0.369599999999999
0.239999999999999
0.8496
1.4592
1.9312
1.3216
0.712
0.102400000000004
0.507199999999997
1.1168
1.7264
1.664
1.0544
0.444800000000003
0.164799999999998
0.774399999999995
1.384
1.9936
1.3968
0.787200000000002
0.177600000000005
0.431999999999996
1.0416
1.6512
1.7392
1.1296
0.520000000000004
0.089599999999997
0.699199999999998
1.30879999999999
1.9184
1.472
0.862400000000003
0.252800000000002
0.356799999999995
0.966399999999996
1.576
1.8144
1.20480000000001
0.595200000000005
0.0144000000000001
0.623999999999997
1.2336
1.8432
1.5472
0.937599999999999
0.328000000000003
0.281600000000002
0.891199999999999
1.5008
1.8896
1.28
0.670399999999998
0.0608000000000009
0.548799999999996
1.1584
1.768
1.6224
1.0128
0.403200000000004
0.206400000000001
0.815999999999998
1.4256
1.9648
1.3552
0.745599999999999
0.136000000000002
0.473600000000003
1.0832
1.6928
1.6976
1.088
0.478399999999997
0.1312
0.740799999999996
1.3504
1.96
1.43040000000001
0.8208
0.211200000000003
0.398400000000002
1.008
1.6176
1.7728
1.1632
0.553599999999998
0.0559999999999986
0.665599999999995
1.2752
1.8848
1.5056
0.896000000000001
0.286400000000004
0.323200000000001
0.932799999999997
1.54239999999999
1.848
1.2384
0.628799999999999
0.0192000000000023
0.590399999999994
1.2
1.8096
1.5808
0.971200000000011
0.361600000000005
0.247999999999982
0.857599999999987
1.46719999999999
1.92320000000002
1.31360000000001
0.704000000000009
0.0944000000000034
0.515199999999984
1.12479999999999
1.73439999999999
1.65600000000002
1.04640000000001
0.436800000000007
0.172799999999981
0.782399999999986
1.39199999999999
1.9984
1.38880000000002
0.77920000000001
0.169600000000005
0.439999999999983
1.04959999999999
1.65919999999999
1.73120000000002
1.12160000000001
0.512000000000008
0.0975999999999798
0.707199999999985
1.31679999999999
1.9264
1.46400000000002
0.854400000000011
0.244800000000006
0.364799999999982
0.974399999999987
1.58399999999999
1.80640000000002
1.19680000000001
0.587200000000009
0.022399999999996
0.631999999999984
1.24159999999999
1.85119999999999
1.53920000000002
0.929600000000012
0.320000000000007
0.289599999999981
0.899199999999986
1.50879999999999
1.88160000000002
1.27200000000002
0.66240000000001
0.0528000000000048
0.556799999999983
1.16639999999999
1.77599999999999
1.61440000000002
1.00480000000001
0.395200000000008
0.214399999999979
0.823999999999985
1.43359999999999
1.9568
1.34720000000002
0.737600000000012
0.128000000000006
0.481599999999982
1.09119999999999
1.70079999999999
1.68960000000002
1.08000000000001
0.470400000000009
0.139199999999978
0.748799999999984
1.35839999999999
1.96799999999999
1.42240000000002
0.812800000000013
0.203200000000007
0.40639999999998
1.01599999999999
1.62559999999999
1.76480000000002
1.15520000000002
0.545600000000011
0.0639999999999772
0.673599999999982
1.28319999999999
1.89279999999999
1.49760000000002
0.888000000000014
0.278400000000008
0.331199999999979
0.940799999999985
1.55039999999999
1.84000000000002
1.23040000000002
0.620800000000012
0.0112000000000063
0.598399999999981
1.20799999999999
1.81759999999999
1.57280000000002
0.963200000000015
0.35360000000001
0.255999999999978
0.865599999999983
1.47519999999999
1.91520000000002
1.30560000000002
0.696000000000013
0.0864000000000078
0.52319999999998
1.13279999999999
1.74239999999999
1.64800000000002
1.03840000000002
0.428800000000011
0.180799999999977
0.790399999999982
1.39999999999999
1.99040000000001
1.38080000000002
0.771200000000014
0.161600000000009
0.447999999999996
1.05759999999998
1.66719999999997
1.72320000000001
1.11360000000002
0.504000000000029
0.105599999999993
0.715199999999981
1.32479999999997
1.93439999999999
1.45600000000002
0.846400000000032
0.23680000000001
0.372799999999978
0.9824
1.59199999999999
1.79840000000002
1.1888
0.579200000000013
0.0303999999999744
0.639999999999997
1.24959999999998
1.85919999999997
1.5312
0.921600000000017
0.312000000000029
0.297599999999994
0.907199999999982
1.51679999999997
1.87360000000001
1.26400000000002
0.654400000000032
0.0448000000000093
0.564799999999979
1.17439999999997
1.78399999999999
1.60640000000002
0.9968
0.387200000000012
0.222399999999975
0.831999999999998
1.44159999999999
1.94880000000003
1.3392
0.729600000000016
0.120000000000028
0.489599999999995
1.09919999999998
1.70879999999997
1.68160000000001
1.07200000000002
0.462400000000031
0.147199999999992
0.756799999999979
1.36639999999997
1.97599999999999
1.41440000000002
0.804800000000034
0.195200000000011
0.414399999999976
1.024
1.63359999999999
1.75680000000003
1.1472
0.537600000000015
0.071999999999973
0.681599999999996
1.29119999999998
1.90079999999997
1.48960000000001
0.880000000000018
0.27040000000003
0.339199999999992
0.94879999999998
1.55839999999997
1.83200000000001
1.22240000000002
0.612800000000033
0.00320000000001075
0.606399999999977
1.21599999999997
1.82559999999999
1.56480000000002
0.955200000000002
0.345600000000014
0.263999999999974
0.873599999999996
1.48319999999998
1.90720000000003
1.2976
0.688000000000017
0.0784000000000291
0.531199999999993
1.14079999999998
1.75039999999997
1.64000000000001
1.03040000000002
0.420800000000032
0.18879999999999
0.798399999999978
1.40799999999997
1.98240000000001
1.37280000000002
0.763200000000035
0.153600000000013
0.455999999999975
1.0656
1.67519999999999
1.71520000000003
1.1056
0.496000000000016
0.113599999999972
0.723199999999994
1.33279999999998
1.94239999999997
1.44800000000001
0.83840000000002
0.228800000000032
0.380799999999991
0.990399999999979
1.59999999999997
1.79040000000001
1.18080000000002
0.571200000000035
0.0383999999999877
0.647999999999976
1.25759999999996
1.86719999999999
1.52320000000003
0.913600000000003
0.304000000000015
0.305599999999972
0.915199999999995
1.52479999999998
1.86560000000003
1.25600000000001
0.646400000000019
0.0368000000000306
0.572799999999992
1.18239999999998
1.79199999999997
1.59840000000001
0.988800000000022
0.379200000000034
0.230399999999989
0.839999999999977
1.44959999999996
1.94080000000001
1.33120000000002
0.721600000000037
0.112000000000014
0.497599999999973
1.10719999999996
1.71679999999998
1.67360000000003
1.06400000000001
0.454400000000018
0.15519999999997
0.764799999999993
1.37439999999998
1.98399999999997
1.40640000000001
0.796800000000021
0.187200000000033
0.422399999999989
1.03199999999998
1.64159999999997
1.74880000000001
1.13920000000002
0.529600000000036
0.0799999999999862
0.689599999999974
1.29919999999996
1.90879999999998
1.48160000000003
0.872000000000039
0.262400000000017
0.347199999999971
0.956799999999994
1.56639999999998
1.82400000000003
1.21440000000001
0.60480000000002
0.00479999999996772
0.61439999999999
1.22399999999998
1.83359999999997
1.55680000000001
0.947200000000023
0.337600000000035
0.271999999999987
0.881599999999975
1.49119999999996
1.89920000000001
1.28960000000003
0.680000000000038
0.0704000000000158
0.539199999999972
1.14879999999996
1.75839999999998
1.63200000000003
1.02240000000001
0.412800000000019
0.196799999999969
0.806399999999991
1.41599999999998
1.97440000000003
1.36480000000001
0.755200000000023
0.145600000000035
0.463999999999988
1.07359999999998
1.68319999999996
1.70720000000001
1.09760000000003
0.488000000000038
0.121599999999985
0.731199999999973
1.34079999999996
1.95039999999998
1.44000000000003
0.830400000000041
0.220800000000018
0.388799999999969
0.998399999999992
1.60799999999998
1.78240000000003
1.17280000000001
0.563200000000021
0.0463999999999662
0.655999999999989
1.26559999999998
1.87519999999996
1.51520000000001
0.905600000000025
0.296000000000037
0.313599999999986
0.923199999999974
1.53279999999996
1.85760000000002
1.24800000000003
0.63840000000004
0.0288000000000173
0.58079999999997
1.19039999999996
1.79999999999998
1.59040000000003
0.980800000000009
0.371200000000021
0.238399999999967
0.84799999999999
1.45759999999998
1.93280000000003
1.32320000000001
0.713600000000024
0.104000000000036
0.505600000000021
1.11520000000001
1.7248
1.66560000000002
1.05599999999996
0.44639999999997
0.163200000000018
0.772800000000006
1.38239999999999
1.99199999999998
1.39839999999996
0.788799999999973
0.179199999999985
0.430400000000003
1.03999999999999
1.64959999999998
1.74079999999996
1.13119999999998
0.521599999999988
0.0879999999999994
0.697599999999987
1.30719999999998
1.91680000000003
1.47359999999998
0.863999999999991
0.254400000000004
0.355199999999984
0.964800000000041
1.57440000000003
1.81599999999998
1.20639999999999
0.596800000000007
0.0127999999999809
0.622400000000038
1.23200000000003
1.84160000000001
1.5488
0.93920000000001
0.329600000000022
0.280000000000035
0.889600000000023
1.49920000000001
1.8912
1.28160000000001
0.672000000000025
0.0623999999999683
0.54720000000002
1.15680000000001
1.7664
1.62400000000002
1.01439999999996
0.404799999999971
0.204800000000017
0.814400000000004
1.42399999999999
1.96640000000002
1.35679999999996
0.747199999999975
0.137599999999987
0.472000000000001
1.08159999999999
1.69119999999998
1.69919999999997
1.08959999999998
0.47999999999999
0.129599999999998
0.739199999999986
1.34879999999997
1.95840000000003
1.43199999999998
0.822399999999993
0.212800000000005
0.396799999999983
1.00640000000004
1.61600000000003
1.77439999999998
1.1648
0.555200000000008
0.0543999999999795
0.664000000000037
1.27360000000002
1.88320000000001
1.5072
0.897600000000012
0.288000000000024
0.321600000000034
0.931200000000021
1.54080000000001
1.8496
1.24000000000001
0.630400000000027
0.0207999999999697
0.588800000000018
1.19840000000001
1.80799999999999
1.58240000000002
0.972799999999961
0.363199999999973
0.246400000000015
0.856000000000003
1.46559999999999
1.92480000000002
1.31519999999996
0.705599999999976
0.0959999999999881
0.5136
1.12319999999999
1.73279999999998
1.65759999999997
1.04799999999998
0.438399999999991
0.171199999999996
0.780799999999984
1.39039999999997
1.99999999999997
1.39039999999998
0.780799999999994
0.171200000000006
0.438399999999981
1.04800000000004
1.65760000000003
1.73279999999999
1.1232
0.51360000000001
0.0959999999999779
0.705600000000035
1.31520000000002
1.92480000000001
1.4656
0.856000000000013
0.246400000000025
0.363200000000032
0.97280000000002
1.58240000000001
1.808
1.19840000000002
0.588800000000028
0.0208000000000288
0.630400000000017
1.24
1.84959999999999
1.54080000000002
0.931199999999962
0.321599999999974
0.288000000000014
0.897600000000001
1.50719999999999
1.88320000000002
1.27359999999997
0.663999999999977
0.0543999999999896
0.555199999999998
1.16479999999999
1.77439999999997
1.61599999999997
1.00639999999998
0.396799999999993
0.212799999999995
0.822399999999983
1.43199999999997
1.95839999999997
1.34879999999998
0.739199999999996
0.129600000000008
0.47999999999998
1.08960000000004
1.69920000000002
1.69119999999999
1.0816
0.472000000000011
0.137599999999976
0.747200000000034
1.35680000000002
1.96640000000001
1.424
0.814400000000015
0.204800000000027
0.40480000000003
1.01440000000002
1.62400000000001
1.76640000000001
1.15680000000002
0.54720000000003
0.0624000000000273
0.672000000000015
1.2816
1.89119999999999
1.49920000000002
0.889599999999964
0.279999999999976
0.329600000000012
0.9392
1.54879999999999
1.84160000000002
1.23199999999997
0.622399999999979
0.012799999999991
0.596799999999997
1.20639999999998
1.81599999999997
1.57439999999997
0.964799999999982
0.355199999999994
0.254399999999994
0.863999999999981
1.47359999999997
1.91679999999997
1.30719999999999
0.697599999999997
0.0880000000000094
0.521599999999978
1.13120000000004
1.74080000000002
1.64959999999999
1.04
0.430400000000013
0.179199999999975
0.788800000000032
1.39840000000002
1.99199999999999
1.3824
0.772800000000016
0.163200000000028
0.446400000000029
1.05600000000002
1.6656
1.72480000000001
1.11520000000002
0.505600000000031
0.104000000000026
0.713600000000014
1.3232
1.93279999999999
1.45760000000002
0.847999999999965
0.238399999999977
0.371200000000011
0.980799999999998
1.59039999999999
1.80000000000003
1.19039999999997
0.58079999999998
0.0288000000000073
0.638399999999995
1.24799999999998
1.85759999999997
1.53279999999997
0.923199999999984
0.313599999999996
0.295999999999992
0.90559999999998
1.51519999999997
1.87519999999997
1.26559999999999
0.655999999999999
0.0464000000000109
0.563199999999977
1.17280000000003
1.78240000000002
1.60799999999999
0.998400000000002
0.388800000000014
0.220799999999973
0.830400000000031
1.44000000000002
1.95039999999999
1.34080000000001
0.731200000000018
0.12160000000003
0.488000000000028
1.09760000000002
1.7072
1.68320000000001
1.07360000000002
0.464000000000033
0.145600000000024
0.755200000000012
1.3648
1.97439999999999
1.41600000000002
0.806400000000036
0.196799999999979
0.412800000000009
1.0224
1.63199999999999
1.75840000000003
1.14879999999997
0.539199999999982
0.0704000000000058
0.679999999999994
1.28959999999998
1.89919999999997
1.49119999999997
0.881599999999985
0.271999999999997
0.337599999999991
0.947199999999979
1.55679999999997
1.83359999999998
1.22399999999999
0.6144
0.00480000000001235
0.604799999999975
1.21439999999996
1.82400000000002
1.56639999999999
0.956800000000004
0.347200000000016
0.262399999999972
0.872000000000029
1.48160000000002
1.90879999999999
1.29920000000001
0.689600000000019
0.0800000000000312
0.529600000000026
1.13920000000001
1.7488
1.64160000000001
1.03200000000002
0.422400000000034
0.187200000000023
0.796800000000011
1.4064
1.98400000000001
1.37440000000003
0.764800000000037
0.15519999999998
0.454400000000008
1.064
1.67359999999998
1.71680000000003
1.10719999999997
0.497599999999983
0.112000000000004
0.721599999999992
1.33119999999998
1.94079999999997
1.44959999999997
0.839999999999987
0.230399999999999
0.379199999999989
0.988799999999977
1.59839999999996
1.79199999999998
1.18239999999999
0.572800000000002
0.0367999999999858
0.646399999999974
1.25599999999996
1.86560000000002
1.52479999999999
0.915200000000005
0.305600000000017
0.303999999999971
0.913600000000028
1.52320000000002
1.8672
1.25760000000001
0.648000000000021
0.0384000000000326
0.571200000000025
1.18080000000001
1.7904
1.60000000000001
0.990400000000024
0.380800000000036
0.228800000000021
0.838400000000009
1.448
1.94240000000001
1.33280000000003
0.723200000000039
0.113599999999982
0.496000000000006
1.10559999999999
1.71519999999998
1.67520000000003
1.06559999999997
0.455999999999985
0.153600000000003
0.763199999999991
1.37279999999998
1.98239999999997
1.40799999999998
0.798399999999988
0.1888
0.420799999999988
1.03039999999998
1.63999999999996
1.75039999999998
1.14079999999999
0.531200000000003
0.0783999999999844
0.687999999999972
1.29759999999996
1.90720000000002
1.48319999999999
0.873600000000007
0.264000000000019
0.345599999999969
0.955200000000026
1.56480000000001
1.8256
1.21600000000001
0.606400000000022
0.00319999999996579
0.612800000000023
1.22240000000001
1.832
1.55840000000001
0.948800000000025
0.339200000000037
0.27040000000002
0.880000000000008
1.4896
1.90080000000002
1.29120000000003
0.68160000000004
0.0719999999999832
0.537600000000005
1.14719999999999
1.75679999999998
1.63360000000003
1.02399999999997
0.414399999999986
0.195200000000001
0.804799999999989
1.41439999999998
1.97600000000003
1.36639999999998
0.756799999999989
0.147200000000002
0.462399999999986
1.07199999999997
1.68159999999996
1.70879999999998
1.09919999999999
0.489600000000005
0.119999999999983
0.729599999999971
1.33919999999996
1.94880000000002
1.4416
0.832000000000008
0.22240000000002
0.387199999999968
0.996800000000025
1.60640000000001
1.784
1.17440000000001
0.564800000000024
0.0447999999999643
0.654400000000022
1.26400000000001
1.8736
1.51680000000001
0.907200000000027
0.297600000000039
0.312000000000018
0.921600000000006
1.53119999999999
1.85920000000002
1.24960000000003
0.640000000000042
0.0303999999999847
0.579200000000003
1.18879999999999
1.79839999999998
1.59200000000003
0.982399999999976
0.372799999999988
0.2368
0.846399999999988
1.45599999999998
1.93440000000004
1.32479999999998
0.715199999999991
0.105600000000003
0.503999999999985
1.11359999999997
1.72319999999996
1.66719999999998
1.05759999999999
0.448000000000006
0.161599999999981
0.771199999999969
1.38079999999996
1.99040000000001
1.4
0.79040000000001
0.180800000000022
0.428799999999966
1.03840000000002
1.64800000000001
1.7424
1.13280000000001
0.523200000000025
0.0863999999999628
0.69600000000002
1.30560000000001
1.9152
1.47520000000002
0.865600000000028
0.25600000000004
0.353600000000017
0.963200000000005
1.57279999999999
1.81760000000002
1.20800000000003
0.598400000000043
0.0112000000000138
0.620800000000002
1.23039999999999
1.83999999999998
1.55040000000003
0.940800000000046
0.331200000000059
0.278399999999929
0.888000000000056
1.49760000000004
1.89279999999997
1.28319999999998
0.673599999999992
0.0640000000000045
0.545599999999983
1.15519999999997
1.76479999999996
1.62560000000005
1.01600000000007
0.406400000000077
0.203200000000049
0.812800000000037
1.42240000000003
1.96799999999999
1.3584
0.748800000000011
0.139200000000023
0.470399999999965
1.07999999999995
1.68959999999994
1.70080000000007
1.09119999999995
0.481599999999957
0.128000000000031
0.737600000000019
1.34720000000001
1.95679999999999
1.43360000000002
0.82400000000003
0.214400000000042
0.395199999999946
1.00479999999993
1.61439999999992
1.77599999999995
1.16639999999996
0.556799999999976
0.0528000000000123
0.6624
1.27199999999999
1.88159999999998
1.50880000000004
0.899200000000048
0.28960000000006
0.319999999999928
0.929600000000054
1.53920000000004
1.85119999999997
1.24159999999998
0.631999999999994
0.022400000000006
0.587199999999982
1.19679999999997
1.80639999999996
1.58400000000005
0.974400000000067
0.364800000000079
0.244800000000048
0.854400000000036
1.46400000000002
1.92639999999999
1.3168
0.707200000000013
0.0976000000000248
0.511999999999963
1.12159999999995
1.73119999999994
1.65920000000007
1.04959999999995
0.439999999999959
0.169600000000029
0.779200000000017
1.38880000000001
1.99839999999999
1.39200000000002
0.782400000000031
0.172800000000043
0.436799999999945
1.04639999999993
1.65599999999992
1.73439999999995
1.12479999999996
0.515199999999977
0.0944000000000107
0.703999999999999
1.31359999999999
1.92319999999997
1.46720000000004
0.857600000000049
0.248000000000062
0.361599999999926
0.971200000000053
1.58080000000004
1.80959999999997
1.19999999999998
0.590399999999995
0.0191999999999922
0.62879999999998
1.23839999999997
1.84799999999996
1.54240000000006
0.932800000000068
0.32320000000008
0.286400000000046
0.896000000000034
1.50560000000002
1.88479999999999
1.2752
0.665600000000014
0.0560000000000263
0.553599999999962
1.16319999999995
1.77279999999994
1.61760000000007
1.00799999999995
0.39839999999996
0.211200000000028
0.820800000000016
1.4304
1.96000000000001
1.35040000000002
0.740800000000033
0.131200000000045
0.478399999999943
1.08799999999993
1.69759999999992
1.69279999999995
1.08319999999997
0.473599999999978
0.136000000000009
0.745599999999997
1.35519999999999
1.96479999999997
1.42560000000004
0.816000000000051
0.206400000000063
0.403199999999925
1.01280000000005
1.62240000000004
1.76799999999997
1.15839999999998
0.548799999999997
0.0607999999999908
0.670399999999979
1.27999999999997
1.88959999999995
1.50080000000006
0.89120000000007
0.281600000000082
0.328000000000045
0.937600000000033
1.54720000000002
1.84319999999999
1.2336
0.624000000000016
0.0144000000000277
0.59519999999996
1.20479999999995
1.81439999999994
1.57600000000008
0.96639999999995
0.356799999999962
0.252800000000026
0.862400000000014
1.472
1.91840000000001
1.30880000000002
0.699200000000034
0.0896000000000461
0.519999999999942
1.12959999999993
1.73919999999992
1.65119999999996
1.04159999999997
0.43199999999998
0.177600000000008
0.787199999999996
1.39679999999998
1.99360000000003
1.38400000000004
0.774400000000052
0.164800000000064
0.444799999999923
1.05440000000005
1.66400000000004
1.72639999999997
1.11679999999999
0.507199999999998
0.102399999999989
0.711999999999977
1.32159999999997
1.93119999999995
1.45920000000006
0.849600000000071
0.240000000000083
0.369600000000043
0.979200000000031
1.58880000000002
1.80159999999999
1.19200000000001
0.582400000000017
0.0271999999999707
0.636799999999959
1.24639999999995
1.85599999999993
1.53440000000008
0.924799999999951
0.315199999999963
0.294400000000025
0.904000000000013
1.5136
1.87680000000001
1.26720000000002
0.657600000000035
0.0480000000000476
0.56159999999994
1.17119999999993
1.78079999999992
1.60959999999996
0.999999999999969
0.390399999999981
0.219200000000006
0.828799999999994
1.43839999999998
1.95200000000003
1.34240000000004
0.732800000000054
0.123200000000066
0.486399999999922
1.09600000000005
1.70560000000004
1.68479999999998
1.07519999999999
0.4656
0.143999999999988
0.753599999999976
1.36319999999996
1.97279999999995
1.41760000000006
0.808000000000073
0.198400000000085
0.411200000000042
1.02080000000003
1.63040000000002
1.75999999999999
1.15040000000001
0.540800000000019
0.0687999999999692
0.678399999999957
1.28799999999995
1.89759999999993
1.49280000000008
0.883199999999952
0.273599999999965
0.336000000000023
0.945600000000011
1.5552
1.83520000000001
1.22560000000002
0.616000000000037
0.00640000000004903
0.603199999999939
1.21279999999993
1.82239999999991
1.56799999999996
0.958399999999971
0.348799999999983
0.260800000000005
0.870399999999993
1.47999999999998
1.91040000000003
1.30080000000004
0.691200000000055
0.0816000000000674
0.52799999999992
1.13760000000005
1.74720000000003
1.64319999999998
1.03359999999999
0.424000000000001
0.185599999999986
0.795199999999974
