0.000554207786747308
0.00307137247931055
0.00874218116411834
0.0175373602513964
0.0283142108628379
0.0396209299320586
0.0508284806472224
0.0626474042066285
0.0763628548952161
0.0926325127609407
0.110850515067697
0.129634097684513
0.147902585428205
0.165672257477689
0.18396144071342
0.203887348113669
0.225655120517671
0.248260617053375
0.270247500669465
0.290901690538755
0.31088004107656
0.331503740940196
0.353580420852406
0.376730145850381
0.39969987605196
0.421365114833291
0.441619585947233
0.461452458814913
0.48212248982198
0.504052221989728
0.526358621426087
0.547616198648767
0.567057301717817
0.585206440743611
0.603345843105575
0.622414886887049
0.642241272239677
0.661683347927566
0.679554460798343
0.69560748521773
0.710784218175368
0.72645976482962
0.743249502743914
0.760381765494461
0.776451862886512
0.790621163446318
0.803264678724373
0.815608796121659
0.828708057313166
0.842581526182441
0.856182996763279
0.868248057873999
0.878373487072144
0.887438826194583
0.896844761275695
0.907314279616462
0.918259744565075
0.928364798992807
0.936706164197798
0.943496089400894
0.949892265138781
0.957051948539783
0.96517352866406
0.973294615715647
0.980061819813414
0.984905007601106
0.988631055577774
0.992656221023039
0.997801487865068
1.00365402798527
1.00897698274061
1.01275397255022
1.01502640538539
1.01687556410629
1.01955407158429
1.02343264610019
1.02762606417588
1.03075303723166
1.03213336963528
1.03241925748445
1.03296570683049
1.03468729036549
1.03734187250803
1.03976825898843
1.04085340716339
1.04046458359417
1.0396036154887
1.03961568591718
1.04104126961628
1.04306995990408
1.04430639500129
1.04397326673816
1.04254827104756
1.04130668514999
1.04125544933707
1.04232206761486
1.04342011667353
1.04333914846598
1.04177168862956
1.03963964401185
1.03833608356133
1.03852968451565
1.03953498447947
1.03998957082851
1.03901870249819
1.03692534895824
1.03490492070283
1.03405667064865
1.03447776502885
1.03515664661579
1.03478562460742
1.03288270911121
1.03029017014602
1.02841028354507
1.02800394030407
1.02855525993367
1.02877663308039
1.02769602961602
1.02544187269659
1.02312991978059
1.02195198097193
1.02217515760139
1.02286305724419
1.02263235013858
1.02084671545797
1.01824503679745
1.01621660518427
1.01561512036705
1.01609489074357
1.01644372706834
1.01559293483
1.01349702149644
1.01119272627381
1.00996505371505
1.01025167841385
1.01119201034313
1.01138978770193
1.01011286113154
1.00792702871439
1.00614338625655
1.00570964248577
1.00645148384252
1.0072333173629
1.00689094558653
1.00520610537807
1.00313764495894
1.00206487144894
1.00259712046984
1.00395067072588
1.00471737231819
1.00407026805658
1.00240306722967
1.00094964251989
1.00075265856717
1.00181010117175
1.00306386898677
1.00325513067306
1.00199369508983
1.00016133546445
0.9991508714138
0.999668004536274
1.00109904817467
1.00211119707202
1.00178260144598
1.00033477561582
0.998924243187467
0.9986884805568
0.999797612035396
1.00127085180242
1.00175454469437
1.00068636909317
0.998870809502869
0.997712200796649
0.998010724452815
0.999324497334644
1.00039769255201
1.00021329806012
0.998820358817956
0.997297771160511
0.996877542107498
0.997901651227595
0.999466343616437
1.00018137938329
0.999366584351591
0.997682561363832
0.996482806250672
0.996662249786375
0.997951080689891
0.999170717168163
0.99920924955303
0.997943515541291
0.996375043339533
0.995830626397231
0.996824351660872
0.998529743260391
0.999545048913666
0.999095629154878
0.997670308822396
0.996545641050278
0.996711763955478
0.998071389391564
0.999523624616363
0.999862098462422
0.998791869204485
0.997237516070796
0.996585559741973
0.997489526714112
0.999240798150922
1.0004641093889
1.00029039293162
0.999036724686003
0.997902736447607
0.997973787777364
0.999325120951741
1.00093353318461
1.00149818674715
1.00055234986463
0.998943636982062
0.998070391850134
0.998680912905597
1.00023866152429
1.00144561312486
1.00133778508779
1.00006001692938
0.998734532385558
0.998541427508734
0.999727992773714
1.00134823674419
1.00201879522063
1.00111225141413
0.999384726509156
0.99823276423007
0.998499102419848
0.999818957068711
1.00097122528412
1.00089669836861
0.999567676133935
0.998028678755482
0.997554251232883
0.998563452768147
1.00018723196782
1.00103037368249
1.00037065843063
0.998792093816721
0.997613947744392
0.997773835304905
0.999079169091829
1.00038621278596
1.00054097821622
0.99934367271127
0.99776155969275
0.997164078536266
0.998142500324552
0.999905153751843
1.00104540888299
1.00074667511452
0.999421272792041
0.998311614468688
0.998450606554269
0.999818265417045
1.00134862113263
1.00179329812277
1.00078079518301
0.999201494494966
0.998447384545934
0.999214515587786
1.0008713282382
1.00207723564462
1.00192092148648
1.00064265887462
0.999407640805172
0.999343697653814
1.00060308008495
1.00219721392285
1.0027829652664
1.00181675403273
1.00011171217219
0.999071369586385
0.999486270980505
1.00089666420769
1.00203893434138
1.00190658688112
1.00056740083899
0.999108909013204
0.998753431896696
0.999825027910921
1.00141209986618
1.00212600198931
1.00129696930686
0.99960422876751
0.998409801461409
0.998598819504298
0.999883437717457
1.00107711894383
1.00107830182264
0.999782387457712
0.99819936893407
0.997646181092867
0.998618817568993
1.00028278834696
1.00123776406744
1.00071934427424
0.999234809031512
0.998069069453764
0.99820229958786
0.999519014089983
1.00091020388985
1.00117968770285
1.00005093151061
0.998456826611016
0.997782752632848
0.998672263306432
1.00039853561932
1.00157818322111
1.0013523246652
1.00005644116683
0.998898475538394
0.99895377917167
1.00027935582145
1.00184384773394
1.00235657101822
1.00136916806619
0.999737534267252
0.998858843520966
0.999471394936515
1.00102042130168
1.00219975399958
1.00205557608962
1.00075111391891
